-9.99023 -9.99023 14.2191
9.99023 -9.99023 12.0696
-8.54492 3.21289 -1.95338
4.0332 8.27148 6.12519
-0.556641 4.05273 1.2108
-7.02148 5.26367 -4.29117
-8.97461 8.79883 7.78167
-3.0957 -4.6582 -5.49609
-8.68164 -3.60352 -1.7097
7.1582 -2.39258 -5.11242
7.86133 3.42773 -2.12603
9.79492 0.0292969 -2.3333
3.03711 -5.6543 -3.02156
2.08008 -3.01758 -6.60324
-4.07227 -1.37695 -7.80433
-1.63086 -2.23633 3.56917
3.87695 0.908203 5.70574
-7.90039 1.20117 9.02501
2.72461 -1.98242 -6.88812
-6.70898 -9.4043 -9.34571
-0.576172 -7.4707 -4.57235
-2.62695 -9.63867 5.00199
-3.44727 7.90039 0.926198
7.88086 -4.95117 10.617
3.42773 -2.62695 -7.2732
-4.58008 -6.98242 4.37716
-5.92773 -1.92383 -2.40322
5.32227 -9.3457 -15.2854
0.908203 -7.76367 8.63685
6.5918 -5.2832 14.3182
7.4707 8.4082 0.694921
-3.54492 1.10352 0.920697
5.18555 2.02148 3.14851
1.12305 5.98633 -0.122766
-7.5293 -5.40039 3.29649
9.05273 7.2168 3.31553
2.64648 -9.42383 8.91352
-5.5957 -5.38086 10.7712
0.986328 -4.46289 5.29596
-4.18945 7.09961 -3.65024
0.380859 -0.517578 -0.292705
-3.75977 3.29102 2.14597
4.95117 -0.126953 5.24152
3.97461 -5.24414 -4.00402
6.57227 5.2832 -2.91099
-5.71289 -1.24023 -6.00001
3.60352 4.30664 -4.32173
1.39648 8.75977 -6.47704
-0.205078 7.09961 1.85578
6.88477 -8.44727 -2.26454
3.11523 -7.72461 -1.74848
4.48242 -7.72461 -13.6658
4.36523 -9.67773 -7.89097
-7.49023 3.52539 -2.18646
1.18164 0.888672 -1.17112
1.06445 6.76758 -1.19386
-8.21289 -1.29883 -4.98825
-5.6543 9.01367 -1.0877
-9.42383 -3.54492 -5.6267
6.5332 -9.48242 -6.21611
-4.44336 -8.7207 11.5879
1.5332 3.58398 -1.41754
-6.61133 4.93164 -4.6821
-5.77148 -3.75977 10.6212
-1.37695 -1.12305 3.07814
-8.31055 6.16211 1.09235
5.26367 7.86133 8.68734
-4.15039 5.08789 -5.66268
8.52539 1.20117 6.734
5.98633 3.38867 -3.14244
-5.43945 6.33789 -3.0433
3.36914 8.19336 2.95143
-4.56055 -3.64258 2.43688
-0.556641 -3.66211 6.50757
9.56055 5.22461 -11.1857
9.91211 2.82227 6.79467
6.37695 -4.46289 12.8621
-2.06055 -5.47852 -8.30988
-0.595703 -8.01758 -6.73852
-1.37695 1.41602 1.31353
-3.91602 -1.20117 -7.57219
-0.478516 -5.32227 4.00175
3.27148 3.25195 -3.04882
-4.69727 9.77539 -3.4977
3.0957 6.24023 0.375609
4.91211 -3.50586 1.24988
-2.1582 -7.70508 -10.4318
8.85742 8.75977 5.57263
4.85352 -9.69727 -12.0685
1.14258 -6.61133 10.5586
8.19336 6.16211 -4.52281
9.30664 -2.13867 -10.3325
7.99805 -0.751953 -9.33519
7.64648 -1.25977 -10.4028
-8.89648 0.0683594 3.97813
-9.6582 -1.8457 -13.6244
-9.54102 -2.68555 -12.0799
-9.6582 -2.13867 -14.0054
5.30273 -9.61914 -14.1821
-8.74023 -2.33398 -8.59705
-3.48633 1.63086 2.8096
-5.26367 -8.62305 6.11972
-1.70898 4.30664 0.127081
8.89648 5.2832 -10.6019
4.81445 -8.79883 -15.8964
4.75586 -8.4082 -15.9732
4.46289 -8.52539 -14.4758
2.11914 1.14258 0.599774
6.94336 4.32617 -5.89436
-1.63086 -8.07617 -11.1228
1.00586 8.29102 -5.12851
9.15039 5.9082 -7.94892
-6.5918 -0.927734 -3.62641
5.10742 -8.87695 -16.4209
2.2168 -0.0878906 -0.618223
-9.59961 4.77539 -10.5473
-9.77539 3.11523 -3.51456
3.93555 3.31055 -3.47244
3.83789 -6.72852 -7.52141
0.810547 -2.37305 0.0766912
-9.91211 -1.70898 -13.8814
5.49805 -8.83789 -15.7306
-5.36133 3.7207 0.0498483
4.91211 -7.68555 -13.8779
4.63867 -8.93555 -14.6377
4.83398 -9.20898 -14.6795
9.3457 -3.11523 -3.42101
-5.43945 5.55664 -4.89609
-8.52539 4.52148 -9.15098
-1.80664 8.7793 7.46146
-1.92383 5.53711 -1.07165
8.05664 -2.35352 -9.43515
-8.19336 -3.79883 2.62227
6.04492 -9.24805 -11.8514
-3.56445 6.35742 -5.37958
-1.5918 -6.68945 -10.3322
-8.79883 6.2207 1.02186
5.26367 -9.3457 -15.2926
3.4082 -8.4668 -3.52524
-2.06055 -8.31055 -8.75716
-9.89258 -2.80273 -12.5201
-3.74023 -0.908203 -6.89824
-2.56836 -2.4707 -1.23846
1.29883 4.15039 -0.742289
-5.12695 1.24023 1.52863
-8.75977 -1.80664 -9.02359
8.74023 -0.712891 -9.85465
5.32227 -9.05273 -16.047
4.52148 -8.34961 -14.9566
-4.89258 -2.08008 -4.90477
5.75195 -8.85742 -14.3253
4.7168 -8.4668 -15.8525
-2.72461 -6.5332 -10.3353
-3.58398 -5.49805 -4.32065
5.04883 -9.15039 -15.6935
-7.1582 6.86523 6.75997
9.77539 -2.06055 -8.58136
4.95117 -9.13086 -15.4836
-7.23633 4.36523 -5.4768
4.7168 -8.11523 -15.4637
4.93164 -8.60352 -16.4305
-2.19727 -7.17773 -11.5133
4.85352 -8.23242 -15.9666
5.55664 -9.20898 -15.129
5.41992 -9.9707 -12.5251
5.84961 -9.15039 -13.555
8.93555 -0.927734 -11.1116
8.4668 -0.615234 -9.07012
5.2832 -8.89648 -16.3188
-9.79492 -2.09961 -14.4695
-4.44336 7.5293 -2.11027
5.12695 -8.91602 -16.3732
4.81445 5.71289 2.15792
4.93164 -8.81836 -16.2349
-7.43164 -7.88086 -17.3578
9.4043 -6.63086 -10.1002
7.54883 -7.97852 2.76048
-6.45508 -9.3457 -7.29481
8.36914 -6.80664 0.92365
-8.89648 -8.33008 -12.3354
-9.85352 -6.72852 -0.656076
8.29102 -5.63477 6.51461
-7.68555 -9.67773 -8.56112
-7.60742 -8.62305 -16.8003
-8.13477 -7.86133 -18.5522
-7.70508 -8.07617 -18.518
-8.27148 -9.28711 -8.54859
7.37305 2.97852 0.47653
-7.50977 7.62695 11.6626
9.93164 -8.01758 -13.0192
9.07227 -7.19727 -7.39451
-3.17383 -2.62695 -3.67252
-9.05273 -7.70508 -12.8558
-7.90039 -7.54883 -18.0317
-9.48242 7.08008 7.08098
3.11523 -4.83398 -5.13701
-9.91211 -7.31445 -2.9901
1.88477 8.7207 -5.40364
4.9707 -2.13867 -0.721144
0.615234 -2.93945 2.5444
-7.08008 -8.48633 -14.9603
0.947266 3.85742 -0.299211
-0.634766 -9.52148 -11.4366
-0.693359 -9.36523 -11.2277
-7.82227 -8.36914 -17.9792
8.89648 2.1582 8.5422
6.20117 -3.33008 5.37439
-7.06055 -8.23242 -15.0619
7.31445 -0.361328 -4.43894
-5.6543 8.70117 0.496246
1.49414 6.2207 -1.00239
5.40039 -7.39258 -9.81302
6.16211 -7.82227 -6.91563
-6.20117 2.37305 4.98613
-8.7793 -0.166016 1.89981
0.654297 1.33789 -1.30992
-0.849609 1.04492 0.521855
2.70508 -4.32617 -5.64521
-8.68164 -8.36914 -13.9731
-3.29102 9.4043 5.54861
-8.1543 -7.58789 -18.1139
-7.66602 -7.66602 -17.8783
-8.0957 -7.95898 -18.6036
-4.81445 -0.263672 -6.87836
-0.556641 -9.3457 -10.7389
5.43945 4.99023 -2.12137
4.83398 -6.25977 -3.87857
-8.25195 -8.48633 -16.1608
-1.61133 3.38867 1.25878
0.0683594 9.67773 -4.84676
5.16602 -8.21289 -15.762
5.2832 -7.76367 -13.1883
-8.74023 -8.11523 -14.8012
-8.03711 3.56445 -3.74627
-6.20117 -8.54492 -5.46734
-6.14258 -7.70508 -3.89955
-7.56836 -8.38867 -17.6406
-7.8418 -7.93945 -18.7483
-8.34961 -7.72461 -17.8179
-8.07617 -8.21289 -18.1513
-7.00195 -7.86133 -14.0673
-8.0957 -8.50586 -16.7491
-7.56836 -7.82227 -17.9102
-7.99805 -7.7832 -18.6695
-7.5293 -7.56836 -16.9132
5.63477 -8.48633 -14.5422
5.5957 -8.58398 -14.9975
-8.4082 -7.97852 -17.4433
-7.68555 -8.25195 -18.232
-7.95898 -7.95898 -18.7717
5.55664 -8.05664 -13.3643
-7.82227 -8.05664 -18.6952
3.27148 -7.17773 -3.89525
-8.17383 -8.05664 -18.2753
8.54492 4.91211 -10.2196
-9.52148 3.75977 -8.5038
-8.01758 -7.64648 -18.3993
-8.11523 -8.05664 -18.4387
-7.88086 -7.80273 -18.6707
2.23633 9.73633 -3.23792
-6.45508 -8.07617 -8.51445
-6.57227 -7.66602 -8.82095
-1.35742 -4.77539 -0.696044
-7.60742 -7.99805 -18.268
-8.21289 -7.7832 -18.3289
9.0332 -8.38867 -2.64065e-06
-7.76367 -8.56445 -17.1407
-7.91992 -8.13477 -18.5964
-7.91992 -7.88086 -18.7681
-8.17383 -7.95898 -18.4163
5.22461 -8.68164 -16.479
-7.93945 -8.03711 -18.7286
-7.99805 -8.34961 -17.8334
-8.01758 -7.88086 -18.7333
-7.91992 -7.68555 -18.4752
-7.91992 -8.70117 -16.077
-7.23633 -8.54492 -15.8451
-8.33008 -7.5293 -17.5109
-7.76367 -7.99805 -18.654
-7.50977 -8.21289 -17.8211
-3.62305 4.46289 -3.06834
-7.7832 -7.91992 -18.6674
-1.39648 1.12305 1.28962
4.20898 -8.21289 -12.8709
4.0332 -7.76367 -11.2621
-7.99805 -8.03711 -18.6805
-8.05664 -7.72461 -18.5434
-2.68555 -4.18945 -4.40815
-8.19336 -7.66602 -18.2226
7.00195 4.93164 -5.63659
-7.74414 -8.19336 -18.4336
3.38867 1.9043 2.07077
-7.5293 -8.11523 -17.9792
9.7168 -7.19727 -14.698
9.46289 -7.72461 -10.2507
-7.82227 -7.60742 -18.1151
-8.29102 -8.42773 -16.3115
-8.27148 -8.7207 -14.3232
9.11133 -1.68945 -12.4128
-0.693359 -8.17383 -8.05465
-7.68555 -7.86133 -18.392
7.4707 7.1582 2.80316
-7.95898 -7.90039 -18.7737
-5.06836 -9.46289 9.58047
-7.74414 -7.74414 -18.3316
-7.86133 -8.27148 -18.2914
-7.99805 -8.17383 -18.4247
-7.8418 -7.86133 -18.7023
-7.97852 -7.90039 -18.7656
-8.31055 -8.03711 -17.7995
-7.88086 -7.99805 -18.764
-8.07617 -7.5293 -18.0167
-3.66211 -7.19727 -1.00172
-8.25195 -7.88086 -18.2251
-0.146484 6.14258 2.17565
-7.95898 -8.11523 -18.6026
6.45508 -1.49414 -4.1932
-7.74414 -8.07617 -18.5882
-0.751953 -8.03711 -8.0842
-8.0957 -7.86133 -18.6268
-8.05664 -7.99805 -18.6411
-7.70508 -7.58789 -17.7355
-6.51367 -8.42773 -9.41202
-6.5918 -0.0488281 -0.973381
-8.07617 -7.80273 -18.623
-8.17383 -8.01758 -18.3432
-7.70508 -7.99805 -18.5412
-7.93945 -7.80273 -18.7009
-8.01758 -7.70508 -18.5329
-7.02148 -9.16992 -12.2237
5.55664 -8.23242 -14.1808
-8.19336 -8.17383 -17.9104
-7.97852 -8.11523 -18.5817
-7.56836 -7.93945 -18.087
-7.70508 -7.91992 -18.5079
-7.50977 -7.72461 -17.3908
-8.4082 -7.7832 -17.5959
-7.82227 -8.17383 -18.5319
5.04883 -8.4668 -16.4611
-7.70508 -8.33008 -18.0603
-7.62695 -8.17383 -18.2428
-8.4082 -8.1543 -16.9705
-7.76367 -7.82227 -18.5279
-8.11523 -7.60742 -18.2231
-8.11523 -8.42773 -17.1155
